62.49533853124859
21.048638850868418
84.794291327822
79.94450103559635
35.75937996177455
38.864641146386056
21.092358762503828
54.17239647210962
31.18065488588966
5.813406052881753
88.6752807120794
36.645900600021605
97.8702558398755
59.394412435592656
66.49586475484865
25.056830911373986
96.67219114439003
53.1267325758173
16.577669041484445
60.662972007341786
23.494099501748522
54.82259318589806
98.08743932172122
78.37697066098042
40.22412759988869
24.067253007719202
26.92005688550512
63.72466641423252
96.73740761351873
68.33568469582586
73.13856546799298
89.86000002362167
76.5366282764481
60.43596722096498
79.2231449527953
82.85929393879479
11.384552502952939
93.30675068811158
84.49993964147066
19.88852430126039
33.39995017090157
78.69278210098261
26.124542629904134
77.04302218137369
58.95002994874194
91.4788444510175
27.39571920331807
4.371003533940387
49.30914894336384
61.18035222408727
98.64724894001931
74.61796039903624
69.57146454977037
79.70593439327239
99.62329359295748
26.545037772417
83.57183952958054
79.06583181752237
56.72402801721689
93.70217272904138
9.181711447858397
4.820002718376926
98.47608071040722
34.9581738253821
11.955603816490445
59.34370455027979
14.803822162460168
64.42013535402582
66.26884405696298
86.64734170661667
81.0013976559363
7.539356599247649
48.48020602090782
34.82959607330287
52.45736850987496
91.60782626676254
1.6500415817936154
45.7635610531144
76.41968602349687
5.418399309223942
63.64724427323084
69.34712078305114
64.71421969763354
55.80203440374607
13.925879475522851
27.763667634779278
72.09904508221132
61.54013821853197
31.108133436514805
99.95201775655302
72.9169619208567
62.15327823649759
13.994343897147644
20.176475721138075
48.68043168381063
29.28892756672974
29.95329463352745
1.0827434535807368
16.37580071004573
14.808179138696342