36.77891084235486
90.03019860018104
95.29082159000146
40.24084233259347
63.558699567441955
36.45687379955152
26.100751756979925
22.169654528915515
52.043787248802396
66.97980760245889
4.484057722277024
8.400352217922435
4.656932233698696
85.08586654314175
18.425679313661757
18.565773251446593
25.080117151478465
93.81072528265808
78.49810852002557
87.93289097324524
7.107201109832961
77.71366179788207
35.48163401273674
74.60636337602092
30.898275452832934
47.85742614344508
69.3721923144078
92.11198927479592
50.19248384618803
74.98771904862993
82.35441403517862
10.712861507631121
48.842509219331674
49.812616717860706
9.216729807705503
38.44193075065887
96.8244845229403
33.61063134134126
48.33723900488256
62.31582815599055
20.054971703541568
33.68195936545795
12.366887945182349
4.209911429719215
89.68866879333744
43.075812590202375
47.65367403548903
80.818094554479
26.817068852204105
7.78968908443205
87.7902569453991
6.2077028159570835
37.26621405629446
15.414763460673287
83.8489477163986
63.50249338783115
37.7822158933513
6.51391334423036
93.85549628416899
13.458681378622206
6.479421137697294
1.1094357257215526
66.43704680064238
92.95030779609678
77.7995184465518
52.72191749639591
19.44375714474639
18.93955251911367
19.64682107708019
1.771951496569757
61.543481994333874
95.48375869077509
90.62995123222044
98.53683339101754
13.384706140265157
42.631399669355275
31.469449282917505
88.21789156429638
86.76073682246934
54.35898544594089
76.1412051827045
99.68557456349865
33.65927302836732
81.48145186325249
33.9256791732771
95.34934625533172
41.130693308882805
26.498208373055053
62.63107324404912
26.92872169017617
82.42376627547664
9.403098016117717
77.44833005458213
92.3007293561638
76.37686316586264
75.2819959867374
65.41294785598951
63.9985720230292
57.78697390860026
68.47116415880362